% Temps (s), Energie cinétique, Energie potentielle
0.0 8.290639471209445 11.69764205783509
0.01 8.916281310546708 11.064233404461199
0.02 9.54623062625589 10.434007884920806
0.03 10.177969936319347 9.808254743372537
0.04 10.808974605320776 9.174746148591
0.05 11.4367229337081 8.549307822476814
0.06 12.058706235323717 7.92076131858486
0.07 12.672438862928965 7.304122833413839
0.08 13.275468141657624 6.71246970015412
0.09 13.865384170701091 6.112596386115582
0.1 14.439829454054543 5.540796613484586
0.11 14.996508321836444 4.9870812385669945
0.12 15.53319610453089 4.453069312166658
0.13 16.04774802348928 3.931540067581211
0.14 16.538107762162333 3.4424817863396955
0.15 17.00231568380863 2.97817399470152
0.16 17.438516662839433 2.5474864925951968
0.17 17.84496749850287 2.1373269556192036
0.18 18.220043881280198 1.7631463253954895
0.19 18.56224688415405 1.4196127278261836
0.2 18.870208952807552 1.1132673280416645
0.21 19.1426993708154 0.8400075312580966
0.22 19.378629177986355 0.6051652115733523
0.23 19.577055522201725 0.40874036898743166
0.24 19.73718542735863 0.248499313039464
0.25 19.858378962359968 0.12792500178588506
0.26 19.94015179848689 0.04701743522669502
0.27 19.98217714493362 0.005776613361893872
0.28 19.98428705476962 0.004202536191481614
0.29 19.946473096110076 0.04229520371545824
0.3 19.868886385812438 0.12160870482270697
0.31 19.75183698556437 0.23966449260362627
0.32 19.595792662776617 0.39457367445372155
0.33 19.40137702123249 0.5913333207552536
0.34 19.16936700896468 0.8236970935303964
0.35 18.900689813318614 1.0944783434043628
0.36 18.596419155610803 1.3983851728423382
0.37 18.257771000189752 1.7394802000651008
0.38 17.88609869504763 2.1112622365053295
0.39 17.4828875634022 2.511932336825409
0.4 17.049748967863 2.9473920411467915
0.41 16.588413870903064 3.409381192127597
0.42 16.100725917370866 3.8961608092748015
0.43 15.588634066686812 4.406021894517669
0.44 15.05418480416857 4.94722460519808
0.45 14.499513962611216 5.498781245710535
0.46 13.926838186805861 6.0684622604994525
0.47 13.338446075107276 6.66621681669591
0.48 12.736689033451755 7.267919058494355
0.49 12.12397187837543 7.883058422550701
0.5 11.502743226586578 8.49709843112295
0.51 10.875485709498083 9.120657858773404
0.52 10.244706051826256 9.752327531654272
0.53 9.612925053904817 10.390728258340042
0.54 8.982667517748304 11.019664533721812
0.55 8.35645215712332 11.651813925359372
0.56 7.736781531950548 12.27025135586801
0.57 7.126132047262606 12.872578231464239
0.58 6.526944056685496 13.472921270118707
0.59 5.941612109993041 14.053405951074074
0.6 5.3724753837085055 14.629028482547502
0.61 4.821808332995597 15.18134467775806
0.62 4.291811602197143 15.70843566167896
0.63 3.7846032303456565 16.2085024889726
0.64 3.3022101867916804 16.69813043623769
0.65 2.846560270776038 17.157985838165274
0.66 2.4194744073180803 17.58656957364066
0.67 2.0226593702080753 17.98250245123836
0.68 1.6577009611848794 18.34452520922203
0.69 1.3260576725573114 18.671498515544524
0.7 1.0290548585952504 18.962402967847854
0.71 0.767879438983656 19.23594260057283
0.72 0.5435751555060636 19.452240792069006
0.73 0.35703840091353395 19.630111512325588
0.74 0.2090146366481233 19.78889842079232
0.75 0.10009541373692343 19.888465048158874
0.76 0.03071600876205581 19.968298244585878
0.77 0.0011536843541226582 19.98828152904454
0.78 0.011526581160696785 19.968298244585878
0.79 0.06179324571793545 19.928361658090846
0.8 0.1517527961120835 19.828695089316646
0.81 0.28104572476882594 19.70942501343284
0.82 0.44915533516229106 19.531194504108733
0.83 0.6554098067021514 19.334110048232354
0.84 0.8989848795468453 19.079394379637353
0.85 1.178907148613561 18.806974090678004
0.86 1.4940579536209913 18.478811481604538
0.87 1.843177849619106 18.134493343985213
0.88 2.224871640140101 17.75571540900982
0.89 2.637613952856538 17.343676973570094
0.9 3.079755335464423 16.899697264246957
0.91 3.5495288474302837 16.4252154373105
0.92 4.045057121259248 15.921790578719984
0.93 4.564359865065142 15.40864641823597
0.94 5.1053617764599135 14.86940755621579
0.95 5.66590083613586 14.30593290284164
0.96 6.243736947996803 13.720201297984904
0.97 6.836560891309444 13.13050701631503
0.98 7.44200354909932 12.522103703133972
0.99 8.057645375911436 11.91269597880608
1.0 8.681026067099598 11.288426967161342
1.01 9.309654391002665 10.651755226827833
1.02 9.941018144715223 10.01940595237498
1.03 10.57259419366608 9.392698370383702
1.04 11.201858554883334 8.759744450414596
1.05 11.826296483649921 8.136110066708406
1.06 12.443412523240065 7.523234375535225
1.07 13.050740477574601 6.910828408977974
1.08 13.645853266941382 6.324417202549249
1.09 14.226372627393852 5.742553330168381
1.1 14.789978615066126 5.178583966826388
1.11 15.334418877421816 4.634128163327126
1.12 15.857517654386347 4.110834952896741
1.13 16.35718447339051 3.6103833511836694
1.14 16.831422503577848 3.1344823562586486
1.15 17.278336535788917 2.69220165086548
1.16 17.696140556432724 2.27679019291773
1.17 18.083164884976803 1.8900169453307176
1.18 18.43786284653291 1.5336808534420587
1.19 18.758816952871957 1.2145329593381864
1.2 19.04474456716741 0.9325732630191019
1.21 19.29450302982843 0.6840989353315493
1.22 19.507094224938687 0.4740420847428203
1.23 19.681668569051602 0.29994914969522457
1.24 19.817528406401735 0.16552295934201783
1.25 19.914130796963722 0.07076351368319991
1.26 19.971089686216935 0.01567081271877092
1.27 19.988177447944672 0.00024485644873079563
1.28 19.96532579390249 0.025190231796978376
1.29 19.90262604672013 0.08972739578388095
1.3 19.800328774946696 0.1939313044651724
1.31 19.65884279169733 0.33780195784085276
1.32 19.478733520903297 0.5181162455143635
1.33 19.26072073769432 0.7368480102866979
1.34 19.005675691943445 0.993997252157856
1.35 18.714617626469657 1.2895639711278375
1.36 18.38870970381263 1.6178565040312471
1.37 18.0292543578575 1.9770459231081776
1.38 17.63768808888612 2.3722142489373876
1.39 17.21557572285555 2.795880867156634
1.4 16.764604157845373 3.246276814850595
1.41 16.28657562266523 3.721663111526243
1.42 15.783400474563248 4.229520371545824
1.43 15.257089564818227 4.760089316452783
1.44 14.709746202724942 5.3013919685408375
1.45 14.143557750087258 5.871837535098241
1.46 13.560786879810028 6.460057681005345
1.47 12.96376253352355 7.052585301581958
1.48 12.354870614376521 7.658729938950234
1.49 11.736544452192334 8.289859928229816
1.5 11.111255079092928 8.90590376202535
1.51 10.481501354452154 9.544024652769714
1.52 9.849799978642217 10.175679334439435
1.53 9.21867543548185 10.798169389028084
1.54 8.59064990357916 11.424022471984001
1.55 7.968233176887028 12.051979321570844
1.56 7.353912634751458 12.664894989307086
1.57 6.750143301536032 13.276716298629609
1.58 6.159338035547402 13.853003440463874
1.59 5.583857886469949 14.441533404734678
1.6 5.026002659844674 14.990331662396125
1.61 4.488001726299419 15.531739252962208
1.62 3.9720051122599562 16.046912224021423
1.63 3.480074907746258 16.53411159508073
1.64 3.0141770255911426 16.9917183153363
1.65 2.5761733450143174 17.43689732155118
1.66 2.1678142709483996 17.850035112475
1.67 1.7907317388523991 18.210728649736993
1.68 1.4464326929677906 18.55576636549136
1.69 1.136293064079918 18.865184963560967
1.7 0.8615522708518594 19.138025006432425
1.71 0.6233082667049896 19.373446986281515
1.72 0.4225131520405291 19.57073132497318
1.73 0.25996936933725423 19.729278374061565
1.74 0.13632649633075633 19.84860841478996
1.75 0.05207865008987851 19.948324954267978
1.76 0.007562512364485189 19.98828152904454
1.77 0.0029559840958456865 19.98828152904454
1.78 0.03827747446671954 19.948324954267978
1.79 0.11338582733227334 19.868531734404034
1.8 0.22798088532587452 19.74914172883105
1.81 0.3816046893854041 19.59051472661655
1.82 0.5736433089063494 19.393130446517237
1.83 0.8033292952078839 19.177162061666294
1.84 1.0697447485069613 18.90404218285343
1.85 1.3718249861439122 18.594303772279353
1.86 1.7083627974001083 18.248906267457468
1.87 2.0780132679039007 17.88783295284642
1.88 2.4792991543452323 17.474255419728966
1.89 2.9106167880195914 17.047050875679076
1.9 3.3702424836088087 16.588694594866173
1.91 3.8563394275873857 16.10068569840493
1.92 4.366965018725695 15.584643237099206
1.93 4.900078631355308 15.059651022738851
1.94 5.453549770371836 14.492548496267185
1.95 6.025166585385086 13.919644371081707
1.96 6.612644709991414 13.341958049540407
1.97 7.213636390843787 12.72861763082168
1.98 7.82573987003633 12.129708751366918
1.99 8.446508983308869 11.499703102923343
2.0 9.07346293571366 10.871751250406883
2.01 9.704096215677431 10.247112455553857
2.02 10.335888607839335 9.613209092212122
2.03 10.966315264649753 8.986136724082936
2.04 11.592856796480962 8.354347121512895
2.05 12.213009339926316 7.7331463110828675
2.06 12.824294564051243 7.124003431485234
2.07 13.424269574608527 6.528417603834677
2.08 14.010536676636967 5.937019321164454
2.09 14.5807529564289 5.373694579901773
2.1 15.13263964457427 4.818794899303586
2.11 15.663991222663062 4.28486792309975
2.12 16.17268423725299 3.782282572333453
2.13 16.65668578587911 3.2947883741215858
2.14 17.114061641192006 2.8409144654415712
2.15 17.54298398075845 2.413709921391684
2.16 17.94173869163334 2.0212949813431
2.17 18.3087322205116 1.6521563951350873
2.18 18.642497942084674 1.3253479921352094
2.19 18.94170202015143 1.0254438160734252
2.2 19.205148738060767 0.7639571171104647
2.21 19.43178527718364 0.5408878952463275
2.22 19.620705924318116 0.35623615048101404
2.23 19.771155691213462 0.20795808102817934
2.24 19.882533331748338 0.09934675626973359
2.25 19.954393744705502 0.030402176205676743
2.26 19.986449752540857 0.0009794257949231825
2.27 19.97857324903812 0.011997965987808987
2.28 19.930795711262874 0.06268325087508368
2.29 19.843308073770014 0.15303528045674722
2.3 19.716459965567243 0.28305405473279965
2.31 19.55075831288403 0.45273957370324097
2.32 19.346865313329804 0.6584589672001674
2.33 19.105595789537272 0.9025958377959173
2.34 18.827913932866615 1.185150185490491
2.35 18.514929450183672 1.5006402240745482
2.36 18.16789312911104 1.84723702578818
2.37 17.788191839474617 2.229812734254093
2.38 17.37734299092127 2.641096612066095
2.39 16.936988468857365 3.0871700938794
2.4 16.468888072941432 3.5595931278183675
2.41 15.974912484353336 4.0566267333899715
2.42 15.457035789944884 4.576561912523477
2.43 14.917327593147602 5.117719649570447
2.44 14.357944743165593 5.678450911304735
2.45 13.781122715505754 6.257136646922485
2.46 13.189166678291524 6.852187788042142
2.47 12.58444228006283 7.449837405760574
2.48 11.96936619587623 8.072472375390308
2.49 11.346396469486663 8.693708165313014
2.5 10.718022690206533 9.32431346220246
2.51 10.086756043698232 9.948772362521721
2.52 9.455119276461021 10.578922926006381
2.53 8.825636614116885 11.213445926075515
2.54 8.20082367378497 11.835666138863525
2.55 7.583177410859109 12.458900756939133
2.56 6.975166140363054 13.065784960723983
2.57 6.37921967276226 13.654040086123764
2.58 5.797719603652122 14.23837251127347
2.59 5.232989796128851 14.800527938066702
2.6 4.687287093877817 15.338527526632081
2.61 4.162792302093393 15.868316928559409
2.62 3.66160147227327 16.370902279325705
2.63 3.18571752571605 16.84460456328253
2.64 2.7370422491973745 17.287864694470624
2.65 2.317368694812449 17.699243516619884
2.66 1.9283740143575632 18.09643565595391
2.67 1.571612756887051 18.440394004505713
2.68 1.2485106562304034 18.768216812793188
2.69 0.9603589332969522 19.059870825653864
2.7 0.7083091359378422 19.29481308674625
2.71 0.49336853698689775 19.511441084887654
2.72 0.31639610887130426 19.68958164694488
2.73 0.17809909087887088 19.828695089316646
2.74 0.07903016280019196 19.908408356054476
2.75 0.01958523624072193 19.968298244585878
2.76 1.8724294761797307e-06 19.98828152904454
2.77 0.020358332847196365 19.968298244585878
2.78 0.08057326646806764 19.908408356054476
2.79 0.1804060348648335 19.78889842079232
2.8 0.3194576738780892 19.64992489639126
2.81 0.4971724880066113 19.471964228867787
2.82 0.712840271147008 19.255556101823206
2.83 0.9655991448079717 19.00136012854796
2.84 1.2544390024565195 18.710155852021696
2.85 1.57820554623174 18.38284274491321
2.86 1.9356048998938455 18.020440209580485
2.87 2.3252087795737677 17.624087578070675
2.88 2.745460201659277 17.19504411212012
2.89 3.194679705007067 16.75298327782377
2.9 3.6710720626148006 16.280580232166333
2.91 4.172733455931246 15.761639470038897
2.92 4.697659083133242 15.233649013449185
2.93 5.243751170964879 14.697508335066006
2.94 5.808827358120559 14.120526600448606
2.95 6.39062941666943 13.538642739786207
2.96 6.986832276667457 12.936820568298588
2.97 7.595053317891907 12.332974583306152
2.98 8.212861891565376 11.71293809027519
2.99 8.837789034017725 11.093995955657945
3.0 9.46733733346638 10.462910940011806
3.01 10.09899091048489 9.822261531654014
3.02 10.730225472274041 9.201850258344384
3.03 11.358518400555527 8.575472482998334
3.04 11.981358832773726 7.945946553311456
3.05 12.596257696317766 7.328308654063982
3.06 13.200757655663905 6.724057906370582
3.07 13.7924429326863 6.134723413768235
3.08 14.368948960890672 5.561864262216199
3.09 14.927971834989927 5.007069520096038
3.1 15.46727751805777 4.471958238211605
3.11 15.984710769465664 3.9492896615790025
3.12 16.478203757924238 3.4590920482903313
3.13 16.945784325208546 2.9936249363234717
3.14 17.385583867542724 2.5617781138884643
3.15 17.79584480314744 2.150419280020728
3.16 18.17492759610742 1.775039352905271
3.17 18.52131730848928 1.4356383325420952
3.18 18.83362965452547 1.1227217852049025
3.19 19.110616532669674 0.8523452980318993
3.2 19.35117101341589 0.615644068164954
3.21 19.554331762948145 0.4144770057862675
3.22 19.71928688494258 0.2552303668443697
3.23 19.845377165168816 0.1327671629862961
3.24 19.93209870592406 0.04997070382261136
3.25 19.979104939771915 0.00647620321541043
3.26 19.986208014538448 0.003642864308668367
3.27 19.95337954403045 0.04047627009631519
3.28 19.88075072147585 0.11697642057835089
3.29 19.76861179523304 0.23314331575477548
3.3 19.61741090886411 0.38897695562558904
3.31 19.42775231020774 0.5810643411197071
3.32 19.200393936608577 0.8156018395111335
3.33 18.93624438595346 1.080491543404414
3.34 18.63635928561939 1.3878313601950028
3.35 18.301937073843504 1.7218355445453366
3.36 17.934314210374996 2.0918186356479516
3.37 17.534959835547745 2.4977806335028454
3.38 17.105469899118777 2.932061029214015
3.39 16.647560782334505 3.3928908598661356
3.4 16.16306243871416 3.8785311449661846
3.41 15.653911080961304 4.3872728864434265
3.42 15.122141443228973 4.92735625335821
3.43 14.569878649661508 5.477833526668095
3.44 13.99932972170834 6.046455162535974
3.45 13.412774758149636 6.643150339811393
3.46 12.812557823081075 7.2438331792518555
3.47 12.201077578272894 7.857973129231751
3.48 11.580777697338284 8.471053700290605
3.49 10.954137100020123 9.10716077167092
3.5 10.323660045623116 9.738370714076614
3.51 9.691866125179953 10.361925144656688
3.52 9.061280192347818 10.99000192393271
3.53 8.43442227327298 11.62131180774605
3.54 7.813797495748454 12.238949706993527
3.55 7.201886077909357 12.856542632607566
3.56 6.60113341647642 13.456515888053746
3.57 6.013940314156283 14.036650774082352
3.58 5.442653385254324 14.611933504769782
3.59 4.889555677842252 15.163929887475877
3.6 4.3568575499562145 15.690721047173847
3.61 3.846687836288743 16.190508038526076
3.62 3.3610853406737635 16.679866143990527
3.63 2.901990688364787 17.139471692399
3.64 2.471238570665872 17.567825562636802
3.65 2.0705504129097037 17.96354856327844
3.66 1.701527495082965 18.32538143258759
3.67 1.3656445525913727 18.652184838517083
3.68 1.064243882738344 18.962402967847854
3.69 0.7985299804690064 19.216339093463223
3.7 0.5695647248173143 19.452240792069006
3.71 0.37826313529256805 19.630111512325588
3.72 0.22538971516445253 19.769015077741305
3.73 0.11155539625961704 19.888465048158874
3.74 0.03721509747975127 19.948324954267978
3.75 0.002665906797978397 19.98828152904454
3.76 0.008045893998788098 19.968298244585878
3.77 0.05333355890637931 19.928361658090846
3.78 0.138347917306347 19.828695089316646
3.79 0.2627492242173292 19.70942501343284
3.8 0.4260403316223384 19.531194504108733
3.81 0.6275686752336193 19.334110048232354
3.82 0.8665288823514061 19.098927927761615
3.83 1.1419659903948627 18.806974090678004
3.84 1.4527792632425187 18.498035211365092
3.85 1.7977265901312962 18.15353717921201
3.86 2.1754294495344118 17.75571540900982
3.87 2.584378418181132 17.343676973570094
3.88 3.0229392032020415 16.918081486183297
3.89 3.489359173294348 16.443339811586963
3.9 3.9817743628054365 15.93963511705504
3.91 4.4982169207448495 15.42620112648885
3.92 5.036622974956083 14.886652446104971
3.93 5.594840880019576 14.322847986085597
3.94 6.170639815926779 13.753341868760058
3.95 6.761718703160887 13.146712515564705
3.96 7.365715398558281 12.553765141075978
3.97 7.980216135199119 11.928131929216885
3.98 8.602765168604053 11.303453157800803
3.99 9.230874590686607 10.680958106141768
4.0 9.862034272241374 10.047729347301637
4.01 10.493721894235884 9.420122292641551
4.02 11.123413027816072 8.78622892344058
4.03 11.748591222744025 8.161635102220995
4.04 12.366758063949852 7.547779985252891
4.05 12.975443156010055 6.93435461633766
4.06 13.572213995649442 6.346924007550953
4.07 14.1546856928141 5.764000756249045
4.08 14.72053050146675 5.198952025704484
4.09 15.26748712201542 4.653396866721125
4.1 15.79336973820105 4.128984312525112
4.11 16.296076752328986 3.6273933787648867
4.12 16.77359918393588 3.158273408348594
4.13 17.224028698327714 2.706893037789327
4.14 17.645565232905156 2.2903022712313637
4.15 18.036524190798154 1.9023297267526091
4.16 18.395343173061832 1.550336089026135
4.17 18.720588222530335 1.2293592671623552
4.18 19.010959554374995 0.9412281889211782
4.19 19.265296750466764 0.6915145877788249
4.2 19.48258339678369 0.4802184637352951
4.21 19.661951145331564 0.3048662669513696
4.22 19.80268318434433 0.16918081486183295
4.23 19.904217102896695 0.07316210746668526
4.24 19.966147138480878 0.016810144765926457
4.25 19.988225798565246 0.00012492675955652838
4.26 19.97036484965491 0.02310645344757549
4.27 19.912635669901373 0.08575472482998335
4.28 19.815268963852272 0.18806974090678008
4.29 19.67865384048114 0.33005150167796565
4.3 19.503336258181502 0.5117000071435402
4.31 19.290016842939938 0.7291924984610738
4.32 19.03954808840714 0.9851024668774311
4.33 18.752930949056385 1.2743778742361458
4.34 18.431310840044564 1.6008414793796477
4.35 18.075973059761104 1.9644932823079377
4.36 17.688337653358523 2.3516013336105615
4.37 17.26995373779055 2.7809496208544378
4.38 16.82249331103813 3.2301862482197143
4.39 16.3477445702623 3.7044332128482065
4.4 15.847604765587702 4.211151140820633
4.41 15.324072618075288 4.740600741961964
4.42 14.779240332183576 5.2808240268474504
4.43 14.215285234640584 5.850190226202285
4.44 13.634461073138953 6.43735099318835
4.45 13.03908900962871 7.028859211406982
4.46 12.431548344199957 7.646362189754139
4.47 11.814267006627448 8.264135009901935
4.48 11.189711853574847 8.879239394465605
4.49 10.560378810234157 9.516420835978103
4.5 9.928782895798554 10.147176044979018
4.51 9.297448172628844 10.783482999174621
4.52 8.668897659280777 11.408916328218421
4.53 8.045643247703438 12.036463418033925
4.54 7.430175664903772 12.648989314280346
4.55 6.82495451919221 13.244155388018795
4.56 6.23239847078955 13.836368193161325
4.57 5.654875566075323 14.407573314416831
4.58 5.09469377410525 14.973026807662357
4.59 4.554091763217817 15.514124579864738
4.6 4.0352299545883685 16.029007720841776
4.61 3.5401818884849225 16.51593725010045
4.62 3.0709259377275586 16.9732941168369
4.63 2.6293374014685145 17.418233263673432
4.64 2.2171810108878214 17.831151183500435
4.65 1.8361038767542646 18.210728649736993
4.66 1.4876289070361615 18.55576636549136
4.67 1.1731487208664846 18.865184963560967
4.68 0.8939200831846522 19.138025006432425
4.69 0.6510588822956686 19.373446986281515
4.7 0.4455356704182703 19.57073132497318
4.71 0.27817178504292106 19.729278374061565
4.72 0.14963606660063813 19.84860841478996
4.73 0.06044218555941689 19.928361658090846
4.74 0.010946589630197309 19.98828152904454
4.75 0.0013470792861287027 19.98828152904454
4.76 0.0316820172876233 19.948324954267978
4.77 0.10183017537230396 19.868531734404034
4.78 0.21151121872253595 19.74914172883105
4.79 0.3602868262743329 19.61030812240069
4.8 0.5475624423906964 19.41282390089373
4.81 0.7725896528990325 19.177162061666294
4.82 1.0344691759970785 18.90404218285343
4.83 1.3321544560751701 18.6135874668845
4.84 1.6644558460921186 18.26801006752885
4.85 2.030045361791248 17.90674686424328
4.86 2.4274619887564652 17.492949460029
4.87 2.8551175211005835 17.06551505074153
4.88 3.3113029084514585 16.606908916409512
4.89 3.794195085872342 16.118630178147633
4.9 4.301864259421455 15.602297886759736
4.91 4.832281618235121 15.077005848176448
4.92 5.383327442314552 14.526608527992677
4.93 5.952799573615633 13.953024801235214
4.94 6.538422216587353 13.358293472620021
4.95 7.137855032989605 12.760538916423565
4.96 7.748702494645192 12.145284619748423
4.97 8.368523456747813 11.530045314284433
4.98 8.994840913469568 10.901253953943753
4.99 9.625151896880716 10.261429062199037
5.0 10.256937479622048 9.627075962522895
5.01 10.887672841356682 8.999543863918543
5.02 11.514837358771686 8.380211957811477
5.03 12.135924678807813 7.758031721586527
5.04 12.748452734859653 7.1478894279124425
5.05 13.349973665919995 6.551284197903905
5.06 13.938083599027363 5.9588265363126425
5.07 14.510432255922742 5.394442416128921
5.08 15.064732345524808 4.8384433800466375
5.09 15.598768704687535 4.303397060077173
5.1 16.11040715071184 3.7996923655452504
5.11 16.5976030102322 3.319179074657402
5.12 17.05840929039576 2.8560056179960003
5.13 17.49098445967758 2.4345926785191536
5.14 17.893599807238953 2.0340275166771016
5.15 18.264646351417056 1.6694412615873286
5.16 18.60264126973803 1.3356619454041965
5.17 18.906233824757354 1.0390708270058513
5.18 19.174210762044975 0.7757252178606896
5.19 19.405501158744247 0.5507970858143514
5.2 19.599180703327157 0.361593009930798
5.21 19.754475389443527 0.21205567874163347
5.22 19.87076460910157 0.10218509224685791
5.23 19.947583632819057 0.031981250446471265
5.24 19.984625466833155 0.001444153340473468
5.25 19.981742079947214 0.01057380092886456
5.26 19.938944995111495 0.06046455162535973
5.27 19.85640524337374 0.14955731947069348
5.28 19.734452680383523 0.2783168320104161
5.29 19.573574668182015 0.44375983822631776
5.3 19.374414127544988 0.6512232092866533
5.31 19.137766968662596 0.8941208064276025
5.32 18.864578910423944 1.1705937194669642
5.33 18.555941701017115 1.4842548302911136
5.34 18.21308875494915 1.83510413890005
5.35 17.837390223920917 2.21648055047422
5.36 17.430347521256262 2.626585119676009
5.37 16.99358732176658 3.0714792928791006
5.38 16.528855061030377 3.5427430064893826
5.39 16.038007960065613 4.029657544536908
5.4 15.523007603271607 4.557453115381711
5.41 14.98591209930097 5.097511496944583
5.42 14.428867856188774 5.657163391476303
5.43 13.854101003609534 6.2347897481730135
5.44 13.263908496539688 6.828801498653159
5.45 12.660648935880161 7.425451702295139
5.46 12.046733142720797 8.047087257848421
5.47 11.424614523916977 8.667363610257732
5.48 10.796779267478723 9.297029457915313
5.49 10.165736406956281 9.93467562697336
5.5 9.534007794527593 10.56438644826438
5.51 8.904118022857595 11.183523468626536
5.52 8.278584336006755 11.820290153297307
5.53 7.659906569705834 12.427359248686301
5.54 7.050557161201171 13.033483897773047
5.55 6.4529712685920995 13.637524768510389
5.56 5.869537039148691 14.22150739873334
5.57 5.302586065499992 14.78333301888134
5.58 4.754384067832321 15.321022789083019
5.59 4.2271218393362116 15.85051236678741
5.6 3.7229064910849528 16.3528178816123
5.61 3.2437530313350105 16.82626031790925
5.62 2.791576312898285 17.269280589718992
5.63 2.3681833807689276 17.699243516619884
5.64 1.975266250584412 18.07742180314941
5.65 1.6143951467817972 18.440394004505713
5.66 1.287012227471114 18.748853165061927
5.67 0.994425821102994 19.04035726581113
5.68 0.7378051979636489 19.29481308674625
5.69 0.5181758973908638 19.511441084887654
5.7 0.33641562938603214 19.68958164694488
5.71 0.19325076699980204 19.808791757984103
5.72 0.08925344350959888 19.908408356054476
5.73 0.024839265989284705 19.968298244585878
5.74 0.00026565440826839364 19.98828152904454
5.75 0.01563081289777812 19.968298244585878
5.76 0.07087333729524294 19.908408356054476
5.77 0.16577246053525121 19.808791757984103
5.78 0.29994893490647956 19.669748274597683
5.79 0.4728665476486078 19.471964228867787
5.8 0.6838342638327191 19.255556101823206
5.81 0.9320089879612368 19.00136012854796
5.82 1.216398933251193 18.710155852021696
5.83 1.5358675851364636 18.38284274491321
5.84 1.889138243148761 18.039424079962696
5.85 2.274799123027547 17.642861571496834
5.86 2.6913089986680516 17.21358824030869
5.87 3.1370033613615798 16.771287546633996
5.88 3.610101071712431 16.29862465331668
5.89 4.10871147764962 15.77939406110707
5.9 4.630841970086332 15.268568541280425
5.91 5.174405946032672 14.714653283547543
5.92 5.737231147339171 14.15414688998046
5.93 6.3170683417452205 13.571563439464542
5.94 6.91160031154205 12.96900170156035
5.95 7.518451113926589 12.364396161869811
5.96 8.135195576040884 11.743560137577687
5.97 8.759368986750106 11.108892222467466
5.98 9.388476946428362 10.47737745876845
5.99 10.020005335390067 9.850305090639264
6.0 10.651430361127977 9.215417304432226
6.01 11.280228644208144 8.58856980447024
6.02 11.903887302512937 7.971171764601111
6.03 12.519913993534496 7.352534451277184
6.04 13.125846874584143 6.747264301225802
6.05 13.719264441115643 6.156890417983945
6.06 14.297795203843425 5.58297188751087
6.07 14.859127165983663 5.02709777818814
6.08 15.401017062744586 4.49088714081961
6.09 15.921299326140494 3.975989008631424
6.1 16.417894739305112 3.4840823972720196
6.11 16.88881874571688 3.0168763048121328
6.12 17.332189380131567 2.576109711744789
6.13 17.74623478952638 2.170132722678748
6.14 18.12930031399979 1.7929538502256772
6.15 18.479855099330145 1.446372039723192
6.16 18.796498214765865 1.1369784270054937
6.17 19.077964251599933 0.8606204465849239
6.18 19.323128380153722 0.6226799432631777
6.19 19.531010844961866 0.4231569170402551
6.2 19.70078088019303 0.2597677067514628
6.21 19.8317600296601 0.1360452411570594
6.22 19.92342485815132 0.051989520257044834
6.23 19.975409043247346 0.007600544051419186
6.24 19.98750483926468 0.00312316898891321
6.25 19.959663907474766 0.03869731304023022
6.26 19.891997509281328 0.11393820178593612
6.27 19.784776061583635 0.2288458352260309
6.28 19.63842805610275 0.3834202133605147
6.29 19.453538346989564 0.5742683253998319
6.3 19.230845813557558 0.8035339145379728
6.31 18.97124040748123 1.0712169807749374
6.32 18.675759596260278 1.3720755972797336
6.33 18.34558421716244 1.7101224115693165
6.34 17.982033758214534 2.078906205780189
6.35 17.58656108509961 2.48366890674334
6.36 17.16074663503423 2.9167699938442953
6.37 16.706292100827834 3.376440504167732
6.38 16.22501363036587 3.8609414572206253
6.39 15.718834568693278 4.368563854932241
6.4 15.18977777170276 4.907527878081397
6.41 14.639957522146279 5.456925784188715
6.42 14.071571080274127 6.03546660476538
6.43 13.48688990287001 6.620123839489934
6.44 12.888250565771664 7.219787276572417
6.45 12.278045426155607 7.832927812475858
6.46 11.65871306190056 8.458046326085578
6.47 11.032728526238635 9.080196579888238
6.48 10.402593456639051 9.710487061343597
6.49 9.770826077452371 10.34753857902616
6.5 9.13995113626817 10.975185610249305
6.51 8.512489814204034 11.606075740150539
6.52 7.89094965044705 12.223313873767435
6.53 7.27781452131323 12.824501417316506
6.54 6.675534713870751 13.423735106346113
6.55 6.086517133797664 14.019905591231396
6.56 5.513115686605044 14.594848521132834
6.57 4.957621870666094 15.146525091334464
6.58 4.4222556196447815 15.673016426809493
6.59 3.909156430919881 16.172523582220318
6.6 3.420374815459201 16.661611845884128
6.61 2.957864103311223 17.12096754077348
6.62 2.5234726374643945 17.549091545773706
6.63 2.1189363872684277 17.94460466945929
6.64 1.7458720109368049 18.30624765009391
6.65 1.4057703948557998 18.652184838517083
6.66 1.0999906955182615 18.94293937870895
6.67 0.8297549078931976 19.216339093463223
6.68 0.59614298193667 19.432527349410982
6.69 0.4000885067613612 19.630111512325588
6.7 0.24237497971134336 19.769015077741305
6.71 0.12363267525214842 19.888465048158874
6.72 0.04433612618943859 19.948324954267978
6.73 0.0048022272817997555 19.98828152904454
6.74 0.005188968826413332 19.968298244585878
6.75 0.0454948052784741 19.928361658090846
6.76 0.1255586614277335 19.84860841478996
6.77 0.24506057610734536 19.70942501343284
6.78 0.4035229808625253 19.550957917470573
6.79 0.6003126084692731 19.334110048232354
6.8 0.8346430236757166 19.098927927761615
6.81 1.1055777660527755 18.826367720831563
6.82 1.412034092394192 18.51726893526642
6.83 1.7527873037098787 18.15353717921201
6.84 2.126475639520829 17.774559361421325
6.85 2.5316057198960427 17.362301054884785
6.86 2.9665585134837196 16.9364757022604
6.87 3.4295958076864173 16.461474180004185
6.88 3.918867155122662 15.957489649530856
6.89 4.432417268615906 15.443765828882501
6.9 4.968193835156778 14.903907330134922
6.91 5.524055717612464 14.339773063470313
6.92 6.097781511405438 13.769927145358782
6.93 6.687078421968208 13.179153496486343
6.94 7.2895914274945 12.569610851258131
6.95 7.902912690370932 11.959033812460786
6.96 8.524591179678383 11.333535521502014
6.97 9.152142466307156 10.695574537009884
6.98 9.783058651542635 10.076092718791351
6.99 10.414818389442317 9.433849244981623
7.0 11.044896962953777 8.812753373029622
7.01 11.670776373503223 8.187200114296644
7.02 12.28995540373567 7.5723655715336164
7.03 12.89995961319133 6.957920800260403
7.04 13.498351226973663 6.35819240126295
7.05 14.082738877889208 5.785488158892768
7.06 14.650787163127013 5.219360061145639
7.07 15.200225977287342 4.6727055466781815
7.08 15.728859584459466 4.147173648716543
7.09 16.234575393095543 3.6444433829091616
7.1 16.715352398612243 3.174184080445713
7.11 17.169269259981444 2.7216244012762334
7.12 17.594511978032997 2.3038543261080564
7.13 17.989381144784076 1.9146824847375585
7.14 18.352298734825673 1.561489550119342
7.15 18.68181441162431 1.2392934430822904
7.16 18.97661132353788 0.9542855338300266
7.17 19.235511366382173 0.7027130225054721
7.18 19.45747989151813 0.4864348192908279
7.19 19.641629840643485 0.3123168988913209
7.2 19.78722529076581 0.17474255419728962
7.21 19.893684395189858 0.0768349541976472
7.22 19.960581708765808 0.018594098892393683
7.23 19.98764988810626 4.497363344035021e-05
7.24 19.974780759977197 0.021767238585129505
7.25 19.922025753593395 0.08315624823120754
7.26 19.82959569509053 0.18421200257167447
7.27 19.697859964995512 0.32493450160653026
7.28 19.527345022062008 0.505323745335775
7.29 19.318732299370183 0.7215769631985078
7.3 19.07285548109891 0.9762476581600643
7.31 18.79069717085324 1.2643037803455073
7.32 18.473384964861033 1.5895481003157375
7.33 18.122186945732505 1.9457392771633115
7.34 17.73850661479022 2.337909360763166
7.35 17.323877283222306 2.7586277074568772
7.36 16.879955944472705 3.2141356581518914
7.37 16.40851665235765 3.687243290733228
7.38 15.911443431370468 4.192821886658499
7.39 15.390722747507773 4.721152144034203
7.4 14.848435569706503 5.2602960617171215
7.41 14.286749053616132 5.828582893869388
7.42 13.707907880941534 6.414684281934414
7.43 13.114225288965226 7.005173097795064
7.44 12.508073826100498 7.621656673784241
7.45 11.891875870417703 8.238450068137114
7.46 11.268093949034522 8.86592220189688
7.47 10.639220897058225 9.48885699574955
7.48 10.007769895406955 10.118712732081658
7.49 9.376264427323273 10.754140201889983
7.5 8.747228193714857 11.378734023109565
7.51 8.123175027626779 12.005461593382378
7.52 7.506598848148165 12.617207946649167
7.53 6.899963693901997 13.227889923924536
7.54 6.305693875946244 13.819742939999545
7.55 5.7261642894398355 14.390608260469058
7.56 5.163690922790876 14.955731947069351
7.57 4.620521602214182 15.49651990090803
7.58 4.098827008688336 16.0111132118029
7.59 3.6006920032094745 16.49777289926093
7.6 3.128107295009982 16.9732941168369
7.61 2.682961486037612 17.399579199936454
7.62 2.26703352348923 17.812277248666632
7.63 1.8819855905599927 18.1916548320879
7.64 1.5293564638194972 18.536512653308503
7.65 1.210555363761082 18.84577134512588
7.66 0.9268563230990735 19.118471470026638
7.67 0.6793930953204584 19.35377352018655
7.68 0.46915462383772505 19.57073132497318
7.69 0.2969810898498119 19.729278374061565
7.7 0.16356055470537423 19.84860841478996
7.71 0.06942621018606764 19.928361658090846
7.72 0.014954247699136234 19.98828152904454
7.73 0.00036235489437524575 19.98828152904454
7.74 0.025708845713600773 19.948324954267978
7.75 0.09089242734918342 19.868531734404034
7.76 0.19565260504302054 19.769015077741305
7.77 0.3395707231081862 19.61030812240069
7.78 0.5220716380129293 19.41282390089373
7.79 0.7424260168410797 19.196745580494373
7.8 0.9997532519432054 18.923485783710806
7.81 1.293024980130499 18.6135874668845
7.82 1.6210691923483482 18.287123861741
7.83 1.9825749174048595 17.90674686424328
7.84 2.3760974610375314 17.511653494469805
7.85 2.8000641793804526 17.083989219944748
7.86 3.252780763760115 16.62513323209362
7.87 3.73243801170297 16.136584652031093
7.88 4.237119057095593 15.619962530561029
7.89 4.764807030604738 15.094370667754802
7.9 5.313393119741682 14.543653535066566
7.91 5.880684996361852 13.969730007523111
7.92 6.464415577919769 13.374638889840396
7.93 7.06225208746717 12.776514550435651
7.94 7.671805376187396 12.160870482270699
7.95 8.290639471209348 11.545231411176125
7.96 8.916281310546582 10.916020296923332
7.97 9.546230626255726 10.290092257911686
7.98 10.177969936319295 9.654839685566737
7.99 10.808974605320692 9.02638812601205
8.0 11.43672293370799 8.40611677067312
8.01 12.058706235323578 7.782957108653246
8.02 12.672438862928862 7.171815400902709
8.03 13.275468141657496 6.562732486149663
8.04 13.865384170700942 5.980673728023889
8.05 14.439829454054495 5.415230228919128
8.06 14.996508321836375 4.858131837352746
8.07 15.533196104530791 4.331265721599044
8.08 16.047748023489167 3.8171421353201063
8.09 16.53810776216225 3.335489512385102
8.1 17.00231568380853 2.878717302883377
8.11 17.438516662839323 2.4485644873079555
8.12 17.844967498502836 2.046800028574161
8.13 18.220043881280144 1.6810144765926456
8.14 18.56224688415399 1.3460158752362417
8.15 18.870208952807477 1.0482054716646247
8.16 19.142699370815357 0.7836205890646621
8.17 19.378629177986298 0.5574531835635232
8.18 19.57705552220169 0.36698984594364004
8.19 19.73718542735861 0.2182770313675486
8.2 19.85837896235995 0.10651755226827833
8.21 19.940151798486877 0.03360030125032387
8.22 19.98217714493362 0.0018039424079962696
8.23 19.98428705476962 0.009674328260057555
8.24 19.946473096110083 0.05721145880650773
8.25 19.868886385812452 0.14441533404734683
8.26 19.75183698556439 0.27128595398257477
8.27 19.595792662776645 0.4378233186121915
8.28 19.40137702123254 0.6404445284721161
8.29 19.16936700896474 0.881483215430864
8.3 18.900689813318643 1.1609393794884357
8.31 18.596419155610846 1.4733812051393134
8.32 18.25777100018982 1.823011228574978
8.33 17.886098695047714 2.2031883432574055
8.34 17.482887563402272 2.6121136038489805
8.35 17.0497489678631 3.0558284684418586
8.36 16.588413870903196 3.5175427805516395
8.37 16.100725917370912 4.011728056005356
8.38 15.588634066686886 4.5288648757247945
8.39 15.054184804168676 5.077343320881778
8.4 14.499513962611355 5.635915848210927
8.41 13.926838186805965 6.2124828259866
8.42 13.33844607510741 6.805455185827235
8.43 12.73668903345185 7.401105975392762
8.44 12.12397187837549 8.021742116869593
8.45 11.502743226586666 8.64105903176551
8.46 10.87548570949821 9.269785430191225
8.47 10.244706051826409 9.906512138298936
8.48 9.612925053904934 10.535343475202678
8.49 8.982667517748377 11.168577231113193
8.5 8.356452157123426 11.789568164587166
8.51 7.736781531950613 12.411603485771034
8.52 7.126132047262702 13.017348357508729
8.53 6.526944056685615 13.621019445037783
8.54 5.941612109993188 14.187807156075372
8.55 5.372475383708548 14.766148093836748
8.56 4.821808332995668 15.303528045674724
8.57 4.291811602197231 15.83271779915618
8.58 3.784603230345769 16.334743478039663
8.59 3.3022101867917604 16.807926066676735
8.6 2.846560270776132 17.25070647910813
8.61 2.4194744073181917 17.680439540771438
8.62 2.022659370208108 18.058417944485672
8.63 1.6577009611849296 18.421200257167445
8.64 1.3260576725573696 18.748853165061927
8.65 1.029054858595318 19.04035726581113
8.66 0.7678794389836976 19.275179597214343
8.67 0.5435751555061105 19.49169765980734
8.68 0.35703840091357897 19.669748274597683
8.69 0.2090146366481363 19.808791757984103
8.7 0.10009541373693623 19.908408356054476
8.71 0.03071600876206568 19.968298244585878
8.72 0.001153684354124979 19.98828152904454
8.73 0.01152658116069116 19.968298244585878
8.74 0.06179324571792737 19.908408356054476
8.75 0.1517527961120647 19.808791757984103
8.76 0.2810457247688088 19.669748274597683
8.77 0.44915533516226136 19.49169765980734
8.78 0.6554098067021064 19.275179597214343
8.79 0.8989848795467819 19.020853700109164
8.8 1.1789071486135352 18.729499511471428
8.81 1.4940579536209482 18.402016503969946
8.82 1.8431778496190434 18.039424079962696
8.83 2.224871640140016 17.661645559063754
8.84 2.637613952856465 17.23214236263803
8.85 3.079755335464325 16.78960180958498
8.86 3.5495288474301607 16.316679068607787
8.87 4.0450571212592035 15.81493322566571
8.88 4.564359865065066 15.286043296407195
8.89 5.105361776459813 14.731808226169848
8.9 5.66590083613573 14.17097202595753
8.91 6.243736947996701 13.588038780514859
8.92 6.836560891309317 12.98510725940238
8.93 7.442003549099158 12.380121942362788
8.94 8.057645375911376 11.758886152440084
8.95 8.681026067099506 11.138714738508801
8.96 9.309654391002546 10.506340478704036
8.97 9.941018144715073 9.878388626187572
8.98 10.572594193665962 9.242581379030197
8.99 11.20185855488319 8.614794429836346
9.0 11.82629648364983 7.9964369524538235
9.01 12.443412523240013 7.376800225053444
9.02 13.050740477574516 6.770510672644082
9.03 13.645853266941266 6.179097398762714
9.04 14.226372627393724 5.6041194893686
9.05 14.789978615066078 5.047166012843301
9.06 15.334418877421758 4.509856019990674
9.07 15.857517654386257 3.9938385440368607
9.08 16.357184473390415 3.5007926006303007
9.09 16.83142250357777 3.0324271878417295
9.1 17.278336535788835 2.590481286164172
9.11 17.696140556432624 2.1833249884879176
9.12 18.08316488497678 1.8049468191431042
9.13 18.43786284653286 1.457145723467347
9.14 18.7588169528719 1.146532825576377
9.15 19.04474456716735 0.8689355717010064
9.16 19.2945030298284 0.6297557949244594
9.17 19.507094224938644 0.42899349524673613
9.18 19.681668569051556 0.264345023221614
9.19 19.817528406401724 0.1393632958908808
9.2 19.91413079696371 0.05404831325453643
9.21 19.971089686216928 0.008400075312580968
9.22 19.988177447944672 0.0024185820650143887
9.23 19.965325793902498 0.03610383351183671
9.24 19.902626046720147 0.10945582965304787
9.25 19.800328774946713 0.22247457048864797
9.26 19.658842791697353 0.37516005601863706
9.27 19.478733520903326 0.5675122862430149
9.28 19.26072073769436 0.795538601926355
9.29 19.005675691943505 1.0619823947085187
9.3 18.714617626469714 1.361621726040043
9.31 18.388709703812673 1.6984492551563546
9.32 18.029254357857553 2.0660337524754837
9.33 17.637688088886197 2.469597156546893
9.34 17.21557572285561 2.8939083968454504
9.35 16.764604157845465 3.3518399266758605
9.36 16.28657562266534 3.843391746038124
9.37 15.783400474563278 4.3498947999841135
9.38 15.257089564818285 4.887739479367643
9.39 14.70974620272504 5.4360580182723925
9.4 14.143557750087375 6.0135194716464895
9.41 13.560786879810111 6.597137315731532
9.42 12.963762533523672 7.195781350456033
9.43 12.354870614376676 7.807922472283023
9.44 11.73654445219237 8.43206156009782
9.45 11.111255079093004 9.053272364668615
9.46 10.481501354452265 9.682643385173638
9.47 9.849799978642364 10.318795430187393
9.48 9.218675435481943 10.945582965304789
9.49 8.590649903579287 11.575633587381802
9.5 7.968233176887188 12.192072189737537
9.51 7.353912634751512 12.808495800882122
9.52 6.7501433015361165 13.407359706703442
9.53 6.159338035547504 14.003170402521203
9.54 5.583857886470079 14.560708536281227
9.55 5.026002659844767 15.111745481473926
9.56 4.488001726299479 15.65532180058591
9.57 3.9720051122600424 16.154549120055325
9.58 3.4800749077463 16.64336754191849
9.59 3.014177025591208 17.102473383288736
9.6 2.576173345014402 17.53036752305137
9.61 2.1678142709484893 17.9256707697809
9.62 1.7907317388524202 18.30624765009391
9.63 1.4464326929678193 18.63288115563041
9.64 1.1362930640799598 18.94293937870895
9.65 0.8615522708519177 19.196745580494373
9.66 0.6233082667050209 19.432527349410982
9.67 0.42251315204056533 19.61030812240069
9.68 0.2599693693372909 19.769015077741305
9.69 0.1363264963307625 19.888465048158874
9.7 0.05207865008988594 19.948324954267978
9.71 0.007562512364488711 19.98828152904454
9.72 0.0029559840958426186 19.98828152904454
9.73 0.03827747446671008 19.928361658090846
9.74 0.11338582733225175 19.84860841478996
9.75 0.22798088532584018 19.70942501343284
9.76 0.38160468938538905 19.550957917470573
9.77 0.5736433089063251 19.35377352018655
9.78 0.8033292952078414 19.118471470026638
9.79 1.0697447485068967 18.826367720831563
9.8 1.371824986143866 18.51726893526642
9.81 1.708362797400028 18.172591008579573
9.82 2.0780132679038337 17.793413307973598
9.83 2.4792991543451954 17.380935130340237
9.84 2.910616788019527 16.9364757022604
9.85 3.3702424836087266 16.47961854256218
9.86 3.856339427587272 15.975354176147443
9.87 4.366965018725664 15.461340525416912
9.88 4.900078631355261 14.92117220830563
9.89 5.4535497703717555 14.373653200662043
9.9 6.025166585384953 13.786522416098272
9.91 6.612644709991329 13.19538897815831
9.92 7.213636390843667 12.585466555581043
9.93 7.825739870036173 11.974499745293887
9.94 8.446508983308831 11.348591694563765
9.95 9.07346293571359 10.724837381168404
9.96 9.70409621567734 10.090289395747357
9.97 10.335888607839205 9.461333132084057
9.98 10.966315264649715 8.839317799181721
9.99 11.59285679648091 8.212805102935349
